# AI-10 REAL capture from THIS motor + ADXL345 (2026-06-02), software-PWM 50%.
# Each [cap] line = one 1-s, 64-sample ADXL345 magnitude window in mg
# (chronological, oldest first) + motor-commanded label (run=0 stopped / 1 running).
# run=0 (rest) windows were captured as ALL ZERO (at rest the magnitude is just
#   gravity -> |4*sqrt(x^2+y^2+z^2) - 1000mg| ~= 0), so the stopped class is
#   regenerated in train_vib_real2.py as zeros + small jitter (robust to bumps).
# run=1 windows below are the genuine captured vibration of this motor.
[cap] run=1 w=0,0,0,0,0,0,0,0,0,0,0,0,0,0,0,0,0,0,376,376,244,244,0,0,0,0,964,964,3724,3724,3724,4772,4772,1320,1320,5600,5600,6616,6616,7400,7400,7184,7184,4732,4732,7488,7488,3436,3436,5068,5068,4532,4532,6608,6608,3200,3200,5060,5060,2876,2876,5972,5972,5972
[cap] run=1 w=3312,3312,2076,2076,0,0,1764,1764,3456,3456,3096,3096,648,648,2828,2828,2016,2016,964,964,2716,2716,3676,3676,2948,2948,608,608,3092,3092,1356,1356,1164,1164,2824,2824,2824,3724,3724,2864,2864,3448,3448,2452,2452,3004,3004,760,760,3092,3092,3580,3580,2140,2140,3856,3856,1512,1512,952,952,640,640,3340
[cap] run=1 w=2172,1356,1356,3268,3268,3412,3412,2152,2152,2152,2104,2104,2252,2252,1512,1512,0,0,1480,1480,3328,3328,3084,3084,2508,2508,3740,3740,2232,2232,172,172,2756,2756,2756,2756,2920,2920,1164,1164,1904,1904,2268,2268,2268,0,0,2496,2496,3516,3516,2716,2716,3508,3508,1428,1428,2112,2112,1676,1676,3104,3104,3464
[cap] run=1 w=176,2380,2380,3764,3764,2540,2540,2904,2904,2000,2000,2604,2604,1544,1544,1544,2668,2668,3108,3108,2040,2040,3644,3644,1724,1724,2048,2048,2572,2572,3360,3360,3096,3096,624,624,3664,3664,3600,3600,808,808,2020,2020,2780,2780,3396,3396,812,812,812,3364,3364,0,0,1716,1716,1648,1648,3024,3024,3316,3316,1544
[cap] run=1 w=2128,4204,4204,2448,2448,2500,2500,0,0,1584,1584,1420,1420,2124,2124,984,984,2544,2544,2412,2412,2704,2704,2704,2212,2212,2444,2444,3716,3716,1920,1920,3580,3580,0,0,1908,1908,220,220,2160,2160,3632,3632,2620,2620,2976,2976,2076,2076,2292,2292,1628,1628,2852,2852,3256,3256,3256,1876,1876,3796,3796,440
[cap] run=1 w=3112,168,168,2484,2484,2628,2628,3392,3392,1636,1636,2268,2268,2032,2032,0,0,2600,2600,3576,3576,2864,2864,1068,1068,1644,1644,1124,1124,1124,0,0,2544,2544,2876,2876,3008,3008,596,596,2736,2736,1724,1724,320,320,2732,2732,3296,3296,2936,2936,1724,1724,2028,2028,1524,1524,0,0,2832,2832,3452,3452
[cap] run=1 w=1864,0,0,2568,2568,3532,3532,2460,2460,2584,2584,3816,3816,2700,2700,0,0,2432,2432,3184,3184,2764,2764,2788,2788,1600,1600,2068,2068,348,348,2488,2488,3260,3260,3260,2780,2780,1932,1932,1440,1440,1540,1540,388,388,2256,2256,3236,3236,3080,3080,3856,3856,3264,3264,3212,3212,0,0,2776,2776,2760,2760
[cap] run=1 w=3448,3448,2684,2684,2420,2420,2420,1256,1256,2084,2084,0,0,2772,2772,3368,3368,2796,2796,2212,2212,1380,1380,1704,1704,0,0,2236,2236,3304,3304,2908,2908,1560,1560,1992,1992,1180,1180,620,620,620,2384,2384,3364,3364,3008,3008,352,352,2792,2792,3480,3480,0,0,2480,2480,2544,2544,3164,3164,212,212
[cap] run=1 w=1836,1836,2368,2368,3212,3212,1808,1808,3752,3752,1032,1032,2344,2344,2344,1588,1588,2400,2400,3568,3568,2168,2168,3776,3776,844,844,2556,2556,1200,1200,2620,2620,3300,3300,2452,2452,3540,3540,948,948,2788,2788,0,0,2520,2520,2520,3640,3640,2908,2908,2160,2160,972,972,1172,1172,0,0,2652,2652,2856,2856
[cap] run=1 w=236,236,2316,2316,2740,2740,3148,3148,948,948,2320,2320,2164,2164,0,0,3080,3080,3088,3088,3088,2756,2756,1008,1008,2016,2016,3520,3520,256,256,1676,1676,2424,2424,3444,3444,604,604,3380,3380,268,268,1720,1720,712,712,2384,2384,3284,3284,2496,2496,2344,2344,2344,2672,2672,2384,2384,0,0,1936,1936
[cap] run=1 w=2720,2720,2140,2140,1336,1336,1800,1800,0,0,2528,2528,3116,3116,2976,2976,3936,3936,2836,2836,3244,3244,0,0,2268,2268,2268,3032,3032,2896,2896,1576,1576,1700,1700,4280,4280,0,0,1436,1436,2804,2804,3380,3380,692,692,3196,3196,0,0,2220,2220,0,0,2760,2760,3196,3196,2252,2252,2252,844,844
[cap] run=1 w=2392,2392,116,116,2484,2484,3020,3020,2984,2984,2088,2088,1748,1748,1556,1556,0,0,2016,2016,3220,3220,3200,3200,572,572,2324,2324,3252,3252,816,816,816,2628,2628,3076,3076,3024,3024,756,756,3248,3248,1548,1548,1060,1060,2016,2016,2176,2176,3456,3456,1216,1216,3268,3268,1140,1140,1496,1496,1364,1364,2980
[cap] run=1 w=2564,3216,3216,3216,228,228,2032,2032,2100,2100,816,816,2332,2332,2744,2744,3052,3052,548,548,3048,3048,1888,1888,1500,1500,2124,2124,2512,2512,3368,3368,1628,1628,3024,3024,1812,1812,1812,1524,1524,1952,1952,1644,1644,3148,3148,1600,1600,3580,3580,996,996,2268,2268,1288,1288,2152,2152,3464,3464,2400,2400,3268
[cap] run=1 w=40,1904,1904,2592,2592,3360,3360,144,144,144,2388,2388,2104,2104,888,888,2344,2344,2544,2544,3200,3200,916,916,3636,3636,12,12,2160,2160,1256,1256,2436,2436,3452,3452,2148,2148,1824,1824,2388,2388,2664,2664,2664,1576,1576,2180,2180,3004,3004,2176,2176,3780,3780,1372,1372,3124,3124,1224,1224,2648,2648,3104
[cap] run=1 w=3276,712,712,3388,3388,932,932,1780,1780,1664,1664,2476,2476,3056,3056,3056,1856,1856,1976,1976,2512,2512,2420,2420,1476,1476,1756,1756,3320,3320,2240,2240,3632,3632,1088,1088,2396,2396,888,888,2460,2460,3400,3400,2688,2688,1632,1632,1392,1392,1392,708,708,900,900,2000,2000,2920,2920,3080,3080,1568,1568,3364
[cap] run=1 w=2876,1400,1400,1592,1592,2256,2256,2000,2000,3152,3152,1276,1276,3740,3740,1812,1812,2252,2252,1968,1968,1968,2340,2340,3228,3228,1824,1824,3736,3736,396,396,2328,2328,860,860,1812,1812,3356,3356,2900,2900,2144,2144,1328,1328,1284,1284,0,0,2120,2120,2856,2856,3252,3252,3252,84,84,2536,2536,1908,1908,148
[cap] run=1 w=2080,1840,1840,1872,1872,3084,3084,1408,1408,2616,2616,1884,1884,1928,1928,1768,1768,2208,2208,3548,3548,1864,1864,3252,3252,8,8,8,2428,2428,0,0,2504,2504,3184,3184,2612,2612,2548,2548,2864,2864,2392,2392,104,104,2220,2220,2956,2956,3160,3160,2244,2244,1696,1696,2012,2012,0,0,2548,2548,2548,2956
[cap] run=1 w=1948,0,0,1612,1612,2864,2864,3120,3120,1784,1784,3016,3016,3744,3744,0,0,1992,1992,2856,2856,2868,2868,1000,1000,1636,1636,1340,1340,152,152,2536,2536,2932,2932,2932,3076,3076,832,832,2620,2620,2844,2844,180,180,2128,2128,2708,2708,3320,3320,648,648,2536,2536,4060,4060,0,0,2676,2676,2848,2848
[cap] run=1 w=2988,2988,696,696,3024,3024,3024,1220,1220,1388,1388,1840,1840,1636,1636,3384,3384,1564,1564,3144,3144,1276,1276,1680,1680,2028,2028,3080,3080,3172,3172,1740,1740,3680,3680,1232,1232,2472,2472,1396,1396,1396,2284,2284,3484,3484,2444,2444,3828,3828,476,476,2656,2656,708,708,2752,2752,3288,3288,2672,2672,3176,3176
[cap] run=1 w=2472,2472,1056,1056,2308,2308,3508,3508,2496,2496,3360,3360,3360,1448,1448,2256,2256,348,348,2208,2208,3080,3080,2876,2876,2540,2540,1788,1788,1956,1956,0,0,2384,2384,3212,3212,3232,3232,1432,1432,1460,1460,2372,2372,0,0,0,1996,1996,2704,2704,3304,3304,416,416,3328,3328,392,392,1944,1944,796,796
